location:
  -
    lat: 43.311679
    lng: 3.4677498
  - 
    lat: 43.312389
    lng: 3.477462
  -
    lat: 43.3076172
    lng: 3.4724863